x_1 = 0.00 1.23 1.40 2.47 3.62 3.64 2.52 3.14 3.08 4.55 2.82 4.06 3.99 2.98 4.54 2.76 4.35 5.62 6.32 7.51 6.07 4.94 5.93 6.53 4.73 6.37 8.14 1000000000000000019884624838656.00 3.09 4.12 5.39 3.99 6.12 5.53 5.92 7.27 3.31 6.28
x_2 = 1.23 0.00 2.32 2.80 4.20 4.54 3.64 3.22 3.28 4.99 3.98 4.89 4.58 4.12 5.52 2.71 4.22 5.69 6.41 7.58 4.98 4.55 6.07 6.73 4.58 6.24 8.21 1000000000000000019884624838656.00 2.88 2.97 4.19 2.82 4.90 4.37 4.78 6.05 2.21 5.13
x_3 = 1.40 2.32 0.00 1.48 2.30 2.27 1.41 2.46 2.62 3.27 2.09 2.81 2.77 2.10 3.20 2.18 3.67 4.93 5.65 6.82 5.47 4.95 4.90 6.07 3.96 5.70 7.23 1000000000000000019884624838656.00 3.93 4.71 6.28 4.88 6.96 6.13 7.00 8.06 4.39 6.87
x_4 = 2.47 2.80 1.48 0.00 1.51 2.33 2.43 1.52 2.35 2.19 3.22 2.75 2.21 3.12 3.30 1.07 2.42 3.84 4.56 5.84 4.45 4.47 4.06 5.27 2.52 4.43 6.40 1000000000000000019884624838656.00 4.54 4.22 6.16 4.76 6.47 5.57 6.97 7.58 4.59 5.83
x_5 = 3.62 4.20 2.30 1.51 0.00 1.50 2.37 2.50 3.28 1.09 3.30 2.18 1.10 2.86 2.15 2.15 3.06 4.47 4.83 5.90 5.52 5.56 4.11 5.87 2.90 4.94 6.45 1000000000000000019884624838656.00 6.05 5.65 7.61 6.20 7.89 6.65 8.41 8.90 6.10 6.91
x_6 = 3.64 4.54 2.27 2.33 1.50 0.00 1.51 2.99 3.23 2.13 2.16 1.09 2.12 2.16 1.09 3.27 3.85 5.34 5.23 6.20 6.01 5.80 4.15 5.91 4.00 5.87 6.49 1000000000000000019884624838656.00 6.20 6.55 8.49 7.08 8.79 7.78 9.27 9.90 6.66 8.04
x_7 = 2.52 3.64 1.41 2.43 2.37 1.51 0.00 3.30 3.28 3.33 1.09 2.18 2.74 1.10 2.16 3.29 4.46 5.78 6.48 7.55 6.28 5.86 5.50 6.73 4.74 6.49 7.84 1000000000000000019884624838656.00 4.77 6.13 7.70 6.29 8.37 7.54 8.42 9.48 5.81 8.05
x_8 = 3.14 3.22 2.46 1.52 2.50 2.99 3.30 0.00 1.22 2.65 3.73 2.83 3.48 4.25 4.04 2.10 1.32 2.48 3.19 4.36 3.02 3.06 2.85 3.75 2.00 3.26 5.00 1000000000000000019884624838656.00 4.03 4.19 6.47 5.57 6.44 5.61 7.50 7.55 4.96 6.22
x_9 = 3.08 3.28 2.62 2.35 3.28 3.23 3.28 1.22 0.00 3.54 3.34 2.80 4.29 4.35 4.29 3.09 2.25 2.86 3.23 4.60 2.99 2.57 2.85 3.45 3.12 3.84 5.18 1000000000000000019884624838656.00 3.20 4.71 6.98 6.08 6.95 6.12 8.01 8.06 5.49 6.87
x_10 = 4.55 4.99 3.27 2.19 1.09 2.13 3.33 2.65 3.54 0.00 4.14 2.42 1.78 3.88 2.60 2.68 2.75 4.02 4.25 4.81 5.25 5.71 3.56 5.32 2.42 4.35 5.75 1000000000000000019884624838656.00 6.68 6.18 8.14 6.73 8.42 7.18 8.94 9.43 6.72 7.19
x_11 = 2.82 3.98 2.09 3.22 3.30 2.16 1.09 3.73 3.34 4.14 0.00 2.38 3.79 1.78 2.70 4.15 4.96 6.20 6.58 7.75 6.34 5.91 5.70 6.79 5.73 6.99 8.04 1000000000000000019884624838656.00 4.43 6.80 8.17 6.79 8.88 8.21 8.74 10.02 6.13 8.91
x_12 = 4.06 4.89 2.81 2.75 2.18 1.09 2.18 2.83 2.80 2.42 2.38 0.00 3.05 3.04 1.74 3.78 3.61 4.57 4.31 5.38 5.79 5.37 3.32 4.82 3.96 5.63 5.66 1000000000000000019884624838656.00 6.00 6.97 8.91 7.51 9.22 8.29 9.67 10.33 7.09 8.51
x_13 = 3.99 4.58 2.77 2.21 1.10 2.12 2.74 3.48 4.29 1.78 3.79 3.05 0.00 2.79 2.36 2.48 3.98 5.46 5.93 6.59 6.48 6.54 5.21 6.97 3.62 5.85 7.53 1000000000000000019884624838656.00 6.69 5.98 7.94 6.53 8.22 6.98 8.74 9.23 6.52 7.24
x_14 = 2.98 4.12 2.10 3.12 2.86 2.16 1.10 4.25 4.35 3.88 1.78 3.04 2.79 0.00 2.36 3.78 5.55 6.73 7.35 8.37 7.27 6.92 6.31 7.80 5.64 7.51 8.65 1000000000000000019884624838656.00 5.87 6.82 8.31 6.94 9.02 8.23 8.90 10.17 6.29 8.55
x_15 = 4.54 5.52 3.20 3.30 2.15 1.09 2.16 4.04 4.29 2.60 2.70 1.74 2.36 2.36 0.00 4.15 4.77 6.26 5.92 6.89 7.06 6.86 4.84 6.56 4.81 6.80 7.18 1000000000000000019884624838656.00 6.93 7.53 9.46 8.06 9.77 8.65 10.20 10.88 7.59 8.91
x_16 = 2.76 2.71 2.18 1.07 2.15 3.27 3.29 2.10 3.09 2.68 4.15 3.78 2.48 3.78 4.15 0.00 2.62 4.04 5.11 6.04 4.59 4.77 4.71 5.85 2.44 4.44 6.80 1000000000000000019884624838656.00 4.92 3.50 5.46 4.06 5.75 4.51 6.27 6.75 4.04 4.76
x_17 = 4.35 4.22 3.67 2.42 3.06 3.85 4.46 1.32 2.25 2.75 4.96 3.61 3.98 5.55 4.77 2.62 0.00 1.49 2.49 3.42 2.50 3.06 2.47 3.27 1.01 2.03 4.18 1000000000000000019884624838656.00 5.35 4.34 6.62 5.72 6.59 5.76 7.65 7.60 6.28 4.90
x_18 = 5.62 5.69 4.93 3.84 4.47 5.34 5.78 2.48 2.86 4.02 6.20 4.57 5.46 6.73 6.26 4.04 1.49 0.00 1.56 2.47 1.48 2.39 2.18 2.18 2.16 1.06 3.30 1000000000000000019884624838656.00 5.93 4.94 7.22 6.32 7.19 6.36 8.25 8.29 7.10 5.97
x_19 = 6.32 6.41 5.65 4.56 4.83 5.23 6.48 3.19 3.23 4.25 6.58 4.31 5.93 7.35 5.92 5.11 2.49 1.56 0.00 1.43 2.48 3.02 1.08 1.09 3.14 2.12 1.98 1000000000000000019884624838656.00 6.43 6.50 8.78 7.88 8.75 7.92 9.81 9.73 8.16 7.03
x_20 = 7.51 7.58 6.82 5.84 5.90 6.20 7.55 4.36 4.60 4.81 7.75 5.38 6.59 8.37 6.89 6.04 3.42 2.47 1.43 0.00 3.52 4.28 2.05 2.06 3.73 2.39 0.94 1000000000000000019884624838656.00 7.80 7.41 9.69 8.79 9.49 8.33 10.72 10.00 9.33 7.30
x_21 = 6.07 4.98 5.47 4.45 5.52 6.01 6.28 3.02 2.99 5.25 6.34 5.79 6.48 7.27 7.06 4.59 2.50 1.48 2.48 3.52 0.00 1.22 3.18 2.44 3.29 2.11 4.25 1000000000000000019884624838656.00 4.56 4.54 6.81 5.91 6.78 5.81 7.84 7.48 6.69 4.79
x_22 = 4.94 4.55 4.95 4.47 5.56 5.80 5.86 3.06 2.57 5.71 5.91 5.37 6.54 6.92 6.86 4.77 3.06 2.39 3.02 4.28 1.22 0.00 3.47 2.69 3.99 3.24 4.86 1000000000000000019884624838656.00 3.54 4.65 6.93 6.03 6.90 6.07 7.96 8.00 6.76 6.00
x_23 = 5.93 6.07 4.90 4.06 4.11 4.15 5.50 2.85 2.85 3.56 5.70 3.32 5.21 6.31 4.84 4.71 2.47 2.18 1.08 2.05 3.18 3.47 0.00 1.76 3.10 2.85 2.34 1000000000000000019884624838656.00 6.05 6.81 9.09 8.19 9.06 8.23 10.12 10.07 7.82 7.37
x_24 = 6.53 6.73 6.07 5.27 5.87 5.91 6.73 3.75 3.45 5.32 6.79 4.82 6.97 7.80 6.56 5.85 3.27 2.18 1.09 2.06 2.44 2.69 1.76 0.00 4.06 2.83 2.33 1000000000000000019884624838656.00 6.22 6.98 9.25 8.36 9.22 8.26 10.29 9.93 8.71 7.23
x_25 = 4.73 4.58 3.96 2.52 2.90 4.00 4.74 2.00 3.12 2.42 5.73 3.96 3.62 5.64 4.81 2.44 1.01 2.16 3.14 3.73 3.29 3.99 3.10 4.06 0.00 2.23 4.53 1000000000000000019884624838656.00 6.03 4.43 6.70 5.81 6.67 5.79 7.73 7.46 6.48 4.76
x_26 = 6.37 6.24 5.70 4.43 4.94 5.87 6.49 3.26 3.84 4.35 6.99 5.63 5.85 7.51 6.80 4.44 2.03 1.06 2.12 2.39 2.11 3.24 2.85 2.83 2.23 0.00 3.32 1000000000000000019884624838656.00 6.67 6.00 8.17 7.38 7.10 5.94 9.19 7.61 8.16 4.91
x_27 = 8.14 8.21 7.23 6.40 6.45 6.49 7.84 5.00 5.18 5.75 8.04 5.66 7.53 8.65 7.18 6.80 4.18 3.30 1.98 0.94 4.25 4.86 2.34 2.33 4.53 3.32 0.00 1000000000000000019884624838656.00 8.38 8.24 10.52 9.62 10.43 9.26 11.55 10.93 9.96 8.24
x_28 = 0 0 0 0 0 0 0 0 0 0 0 0 0 0 0 0 0 0 0 0 0 0 0 0 0 0 0 0 0 0 0 0 0 0 0 0 0 0  
x_29 = 3.09 2.88 3.93 4.54 6.05 6.20 4.77 4.03 3.20 6.68 4.43 6.00 6.69 5.87 6.93 4.92 5.35 5.93 6.43 7.80 4.56 3.54 6.05 6.22 6.03 6.67 8.38 1000000000000000019884624838656.00 0.00 4.65 6.13 4.72 6.90 6.07 6.79 8.01 4.18 6.81
x_30 = 4.12 2.97 4.71 4.22 5.65 6.55 6.13 4.19 4.71 6.18 6.80 6.97 5.98 6.82 7.53 3.50 4.34 4.94 6.50 7.41 4.54 4.65 6.81 6.98 4.43 6.00 8.24 1000000000000000019884624838656.00 4.65 0.00 2.28 1.38 2.24 1.41 3.31 3.35 2.16 2.16
x_31 = 5.39 4.19 6.28 6.16 7.61 8.49 7.70 6.47 6.98 8.14 8.17 8.91 7.94 8.31 9.46 5.46 6.62 7.22 8.78 9.69 6.81 6.93 9.09 9.25 6.70 8.17 10.52 1000000000000000019884624838656.00 6.13 2.28 0.00 1.40 1.35 2.26 1.07 2.22 2.16 3.26
x_32 = 3.99 2.82 4.88 4.76 6.20 7.08 6.29 5.57 6.08 6.73 6.79 7.51 6.53 6.94 8.06 4.06 5.72 6.32 7.88 8.79 5.91 6.03 8.19 8.36 5.81 7.38 9.62 1000000000000000019884624838656.00 4.72 1.38 1.40 0.00 2.20 2.24 2.21 3.31 1.03 3.22
x_33 = 6.12 4.90 6.96 6.47 7.89 8.79 8.37 6.44 6.95 8.42 8.88 9.22 8.22 9.02 9.77 5.75 6.59 7.19 8.75 9.49 6.78 6.90 9.06 9.22 6.67 7.10 10.43 1000000000000000019884624838656.00 6.90 2.24 1.35 2.20 0.00 1.39 2.19 1.15 3.19 2.19
x_34 = 5.53 4.37 6.13 5.57 6.65 7.78 7.54 5.61 6.12 7.18 8.21 8.29 6.98 8.23 8.65 4.51 5.76 6.36 7.92 8.33 5.81 6.07 8.23 8.26 5.79 5.94 9.26 1000000000000000019884624838656.00 6.07 1.41 2.26 2.24 1.39 0.00 3.30 2.25 3.24 1.03
x_35 = 5.92 4.78 7.00 6.97 8.41 9.27 8.42 7.50 8.01 8.94 8.74 9.67 8.74 8.90 10.20 6.27 7.65 8.25 9.81 10.72 7.84 7.96 10.12 10.29 7.73 9.19 11.55 1000000000000000019884624838656.00 6.79 3.31 1.07 2.21 2.19 3.30 0.00 2.67 2.61 4.27
x_36 = 7.27 6.05 8.06 7.58 8.90 9.90 9.48 7.55 8.06 9.43 10.02 10.33 9.23 10.17 10.88 6.75 7.60 8.29 9.73 10.00 7.48 8.00 10.07 9.93 7.46 7.61 10.93 1000000000000000019884624838656.00 8.01 3.35 2.22 3.31 1.15 2.25 2.67 0.00 4.27 2.70
x_37 = 3.31 2.21 4.39 4.59 6.10 6.66 5.81 4.96 5.49 6.72 6.13 7.09 6.52 6.29 7.59 4.04 6.28 7.10 8.16 9.33 6.69 6.76 7.82 8.71 6.48 8.16 9.96 1000000000000000019884624838656.00 4.18 2.16 2.16 1.03 3.19 3.24 2.61 4.27 0.00 4.20
x_38 = 6.28 5.13 6.87 5.83 6.91 8.04 8.05 6.22 6.87 7.19 8.91 8.51 7.24 8.55 8.91 4.76 4.90 5.97 7.03 7.30 4.79 6.00 7.37 7.23 4.76 4.91 8.24 1000000000000000019884624838656.00 6.81 2.16 3.26 3.22 2.19 1.03 4.27 2.70 4.20 0.00